# oST version 5.0 parameters


[image]

width
640

height
480

[narrow_stereo]

camera matrix
480.712308 0.000000 314.343044
0.000000 479.855278 256.321648
0.000000 0.000000 1.000000

distortion
-0.121881 -0.035508 0.002635 -0.000070 0.000000

rectification
1.000000 0.000000 0.000000
0.000000 1.000000 0.000000
0.000000 0.000000 1.000000

projection
445.705536 0.000000 313.069319 0.000000
0.000000 462.157013 258.816743 0.000000
0.000000 0.000000 1.000000 0.000000

