image_width: 640
image_height: 480
camera_name: narrow_stereo
camera_matrix:
  rows: 3
  cols: 3
  data: [614.393803, 0.000000, 326.796538, 0.000000, 615.547659, 243.010571, 0.000000, 0.000000, 1.000000]
distortion_model: plumb_bob
distortion_coefficients:
  rows: 1
  cols: 5
  data: [0.150118, -0.321809, 0.003440, 0.002747, 0.000000]
rectification_matrix:
  rows: 3
  cols: 3
  data: [1.000000, 0.000000, 0.000000, 0.000000, 1.000000, 0.000000, 0.000000, 0.000000, 1.000000]
projection_matrix:
  rows: 3
  cols: 4
  data: [625.137817, 0.000000, 328.266011, 0.000000, 0.000000, 627.240967, 244.171367, 0.000000, 0.000000, 0.000000, 1.000000, 0.000000]
