# oST version 5.0 parameters


[image]

width
640

height
480

[narrow_stereo]

camera matrix
614.393803 0.000000 326.796538
0.000000 615.547659 243.010571
0.000000 0.000000 1.000000

distortion
0.150118 -0.321809 0.003440 0.002747 0.000000

rectification
1.000000 0.000000 0.000000
0.000000 1.000000 0.000000
0.000000 0.000000 1.000000

projection
625.137817 0.000000 328.266011 0.000000
0.000000 627.240967 244.171367 0.000000
0.000000 0.000000 1.000000 0.000000

